0 0.2643229166666667 0.13804347826086957 0.015104166666666667 0.03695652173913044
0 0.2830729166666667 0.15 0.011979166666666666 0.017391304347826087
0 0.35104166666666664 0.1782608695652174 0.015625 0.02391304347826087
1 0.42109375 0.6445652173913043 0.022395833333333334 0.0782608695652174
1 0.90859375 0.7576086956521739 0.0203125 0.09782608695652174
1 0.3692708333333333 0.8 0.011458333333333333 0.06739130434782609
1 0.46067708333333335 0.6440217391304348 0.021354166666666667 0.07282608695652174
1 0.5927083333333333 0.7880434782608696 0.016666666666666666 0.1
1 0.6197916666666666 0.8277173913043478 0.017708333333333333 0.0923913043478261
1 0.6658854166666667 0.8858695652173914 0.013020833333333334 0.07608695652173914
1 0.7041666666666666 0.8331521739130435 0.01875 0.08804347826086957
