0 0.26666666666666666 0.13804347826086957 0.021875 0.043478260869565216
0 0.2830729166666667 0.15380434782608696 0.011979166666666666 0.025
0 0.3494791666666667 0.1782608695652174 0.017708333333333333 0.02391304347826087
1 0.45703125 0.6717391304347826 0.0203125 0.07173913043478261
1 0.8976562499999999 0.7554347826086957 0.024479166666666666 0.08478260869565217
1 0.37421875 0.8847826086956522 0.015104166666666667 0.09130434782608696
1 0.7731770833333333 0.9478260869565217 0.0171875 0.08260869565217391
1 0.5770833333333333 0.6244565217391305 0.019791666666666666 0.08369565217391305
1 0.4127604166666667 0.6706521739130434 0.015104166666666667 0.09130434782608696
1 0.9419270833333333 0.9032608695652175 0.013020833333333334 0.06304347826086956
1 0.7125 0.7576086956521739 0.015625 0.07173913043478261
